   283.00000000000000     
   286.30138706482256     
   289.60567646497657     
   292.91263039714130     
   296.22201553922838     
   299.53360296820364     
   302.84716807852777     
   306.16249050129329     
   309.47935402412850     
   312.79754651193099     
   316.11685982848695     
   319.43708975902484     
   322.75803593374792     
   326.07950175238284     
   329.40129430977709     
   332.72322432257386     
   336.04510605698761     
   339.36675725769993     
   342.68799907789179     
   346.00865601042563     
   349.32855582018493     
   352.64752947757938     
   355.96541109321936     
   359.28203785376104     
   362.59724995892100     
   365.91089055965926     
   369.22280569752496     
   372.53284424515971     
   375.84085784795008     
   379.14670086682156     
   382.45023032216392     
   385.75130583887568     
   389.04978959251724     
   392.34554625655903     
   395.63844295071112     
   398.92834919032117     
   402.21513683682423     
   405.49868004923036     
   408.77885523663406     
   412.05554101173004     
   415.32861814531788     
   418.59796952178039     
   421.86348009551801     
   425.12503684832353     
   428.38252874767852     
   431.63584670595617     
   434.88488354051361     
   438.12953393465489     
   441.36969439944971     
   444.60526323638993     
   447.83614050086840     
   451.06222796646222     
   454.28342909000435     
   457.49964897742700     
   460.71079435036188     
   463.91677351347994     
   467.11749632255589     
   470.31287415324067     
   473.50281987052813     
   476.68724779890005     
   479.86607369313396     
   483.03921470976053     
   486.20658937915493     
   489.36811757824853     
   492.52372050384713     
   495.67332064654187     
   498.81684176519911     
   501.95420886201697     
   505.08534815813510     
   508.21018706978452     
   511.32865418496573     
   514.44067924064359     
   517.54619310044563     
   520.64512773285333     
   523.73741618987390     
   526.82299258618286     
   529.90179207872472     
   532.97375084676230     
   536.03880607236465     
   539.09689592132133     
   542.14795952447548     
   545.19193695946399     
   548.22876923285685     
   551.25839826268418     
   554.28076686134443     
   557.29581871888331     
   560.30349838663437     
   563.30375126121442     
   566.29652356886356     
   569.28176235012347     
   572.25941544484385     
   575.22943147751243     
   578.19175984289825     
   581.14635069200096     
   584.09315491830193     
   587.03212414430664     
   589.96321070837280     
   592.88636765181820     
   595.80154870630213     
   598.66473048888440     
   601.47771341450971     
   604.28348277653868     
   607.08198738895351     
   609.87317672443578     
   612.65700090447649     
   615.43341068965401     
   618.20235747007632     
   620.96379325598525     
   623.71767066851885     
   626.46394293063156     
   629.20256385816663     
   631.93348785108003     
   634.65666988481257     
   637.37206550180747     
   640.07963080317154     
   642.77932244047759     
   645.47109760770331     
   648.15491403330759     
   650.83072997243971     
   653.49850419928021     
   656.15819599950976     
   658.80976516290480     
   661.45317197605777     
   664.08837721521957     
   666.71534213926157     
   669.33402848275557     
   671.94439844916985     
   674.54641470417903     
   677.14004036908455     
   679.72523901434647     
   682.30197465322169     
   684.87021173550909     
   687.42991514139771     
   689.98105017541786     
   692.52358256049229     
   695.05747843208599     
   697.58270433245264     
   700.09922720497605     
   702.60701438860531     
   705.10603361238145     
   707.59625299005484     
   710.07764101479006     
   712.55016655395843     
   715.01379884401592     
   717.46850748546399     
   719.91426243789510     
   722.35103401511662     
   724.77879288035592     
   727.19751004154250     
   729.60715684666820     
   732.00770497922178     
   734.39912645369668     
   736.78139361117417     
   739.15447911497529     
   741.51835594638442     
   743.87299740044136     
   746.21837708180192     
   748.55446890066366     
   750.88124706875851     
   753.19868609540833     
   755.50676078364484     
   757.80544622639070     
   760.09471780270212     
   762.37455117407058     
   764.64492228078473     
   766.90580733834850     
   769.15718283395734     
   771.39902552302931     
   773.63131242579175     
   775.85402082392181     
   778.06712825723946     
   780.27061252045314     
   782.46445165995601     
   784.64862397067350     
   786.82310799295863     
   788.98788250953783     
   791.14292654250312     
   793.28821935035216     
   795.42374042507322     
   797.54946948927693     
   799.66538649337178     
   801.77147161278333     
   803.86770524521739     
   805.95406800796479     
   808.03054073524788     
   810.09710447560735     
   812.15374048933143     
   814.20043024592212     
   816.23715542160221     
   818.26389789685902     
   820.28063975402756     
   822.28736327490833     
   824.28405093842377     
   826.27068541830965     
   828.24724958084130     
   830.21372648259467     
   832.17009936824127     
   834.11635166837709     
   836.05246699738416     
   837.97842915132458     
   839.89422210586508     
   841.79983001423591     
   843.69523720521727     
   845.58042818115814     
   847.45538761602472     
   849.32010035347662     
   851.17455140497441     
   853.01872594791348     
   854.85260932378753     
   856.67618703637754     
   858.48944474996983     
   860.29236828759940     
   862.08494362932015     
   863.86715691050131     
   865.63899442014736     
   867.40044259924537     
   869.15148803913519     
   870.89211747990453     
   872.62231780880768     
   874.34207605870802     
   876.05137940654345     
   877.75021517181415     
   879.43857081509282     
   881.11643393655731     
   882.78379227454514     
   884.44063370412846     
   886.08694623571114     
   887.72271801364559     
   889.34793731487002     
   890.96259254756683     
   892.56667224983960     
   894.16016508841039     
   895.74305985733531     
   897.31534547674028     
   898.87701099157437     
   900.42804557038107     
   901.96843850408879     
   903.49817920481860     
   905.01725720470972     
   906.52566215476224     
   908.02338382369601     
   909.51041209682751     
   910.98673697496247     
   912.45234857330502     
   913.90723712038312     
   915.35139295698923     
   916.78480653513679     
   918.20746841703306     
   919.61936927406498     
   921.01724964065352     
   922.41115422837822     
   923.80433826319813     
   925.19679997854291     
   926.58853761507987     
   927.97954942067713     
   929.36983365036735     
   930.75938856631251     
   932.14821243776794     
   933.53630354104644     
   934.92366015948323     
   936.31028058340110     
   937.69616311007564     
   939.08130604370058     
   940.46570769535242     
   941.84936638295710     
   943.23228043125539     
   944.61444817176971     
   945.99586794276979     
   947.37653808923994     
   948.75645696284482     
   950.13562292189715     
   951.51403433132418     
   952.89168956263541     
   954.26858699389004     
   955.64472500966440     
   957.02010200101984     
   958.39471636547080     
   959.76856650695356     
   961.14165083579348     
   962.51396776867477     
   963.88551572860820     
   965.25629314490106     
   966.62629845312586     
   967.99553009508884     
   969.36398651880086     
   970.73166617844652     
   972.09856753435292     
   973.46468905296115     
   974.83002920679576     
   976.19458647443548     
   977.55835934048298     
   978.92134629553641     
   980.28354583615965     
   981.64495646485341     
   983.00557669002671     
   984.36540502596768     
   985.72443999281484     
   987.08268011653047     
   988.44012392887055     
   989.79676996735770     
   991.15261677525325     
   992.50766290152876     
   993.86190690083947     
   995.21534733349654     
   996.56798276543964     
   997.91981176820991     
   999.27083291892347     
   1000.4937325936999     
   1001.6102034978385     
   1002.7252768496143     
   1003.8389525830713     
   1004.9512306435688     
   1006.0621109877129     
   1007.1715935832875     
   1008.2796784091880     
   1009.3863654553526     
   1010.4916547226948     
   1011.5955462230368     
   1012.6980399790415     
   1013.7991360241450     
   1014.8988344024903     
   1015.9971351688605     
   1017.0940383886120     
   1018.1895441376088     
   1019.2836525021555     
   1020.3763635789317     
   1021.4676774749248     
   1022.5575943073654     
   1023.6461142036618     
   1024.7332373013346     
   1025.8189637479513     
   1026.9032937010606     
   1027.9862273281276     
   1029.0677648064711     
   1030.1479063231966     
   1031.2266520751332     
   1032.3040022687690     
   1033.3799571201878     
   1034.4545168550048     
   1035.5276817083034     
   1036.5994519245712     
   1037.6698277576372     
   1038.7388094706091     
   1039.8063973358098     
   1040.8725916347157     
   1041.9373926578930     
   1043.0008007049364     
   1044.0628160844060     
   1045.1234391137668     
   1046.1826701193268     
   1047.2405094361748     
   1048.2969574081196     
   1049.3520143876292     
   1050.4056807357692     
   1051.4579568221425     
   1052.5088430248281     
   1053.5583397303233     
   1054.6064473334809     
   1055.6531662374503     
   1056.6984968536181     
   1057.7424396015492     
   1058.7849949089257     
   1059.8261632114893     
   1060.8659449529828     
   1061.9043405850907     
   1062.9413505673804     
   1063.9769753672449     
   1065.0112154598448     
   1066.0440713280500     
   1067.0755434623818     
   1068.1056323609564     
   1069.1343385294269     
   1070.1616624809276     
   1071.1876047360161     
   1072.2121658226174     
   1073.2353462759677     
   1074.2571466385573     
   1075.2775674600753     
   1076.2966092973545     
   1077.3142727143158     
   1078.3305582819132     
   1079.3454665780766     
   1080.3589981876601     
   1081.3711537023858     
   1082.3819337207890     
   1083.3913388481658     
   1084.3993696965174     
   1085.4060268844969     
   1086.4113110373560     
   1087.4152227868922     
   1088.4177627713948     
   1089.4189316355928     
   1090.4187300306019     
   1091.4171586138721     
   1092.4142180491358     
   1093.4099090063557     
   1094.4042321616728     
   1095.3971881973550     
   1096.3887778017463     
   1097.3790016692151     
   1098.3678605001035     
   1099.3553550006770     
   1100.3414858830733     
   1101.3262538652530     
   1102.3096596709486     
   1103.2917040296159     
   1104.2723876763837     
   1105.2517113520048     
   1106.2296758028065     
   1107.2062817806423     
   1108.1815300428427     
   1109.1554213521670     
   1110.1279564767553     
   1111.0991361900801     
   1112.0689612708984     
   1113.0374325032055     
   1114.0045506761858     
   1114.9703165841661     
   1115.9347310265698     
   1116.8977948078691     
   1117.8595087375390     
   1118.8198736300112     
   1119.7788903046280     
   1120.7365595855961     
   1121.6928823019412     
   1122.6478592874628     
   1123.6014913806889     
   1124.5537794248314     
   1125.5047242677408     
   1126.4543267618624     
   1127.4025877641916     
   1128.3495081362303     
   1129.2950887439422     
   1130.2393304577099     
   1131.1822341522911     
   1132.1238007067757     
   1133.0640310045424     
   1134.0029259332164     
   1134.9404863846262     
   1135.8767132547632     
   1136.8116074437371     
   1137.7451698557352     
   1138.6774013989807     
   1139.6083029856911     
   1140.5378755320369     
   1141.4661199581012     
   1142.3930371878371     
   1143.3186281490296     
   1144.2428937732525     
   1145.1658349958307     
   1146.0874527557980     
   1147.0077479958597     
   1147.9267216623514     
   1148.8443747051992     
   1149.7607080778826     
   1150.6757227373932     
   1151.5894196441977     
   1152.5017997621985     
   1153.4128640586962     
   1154.3226135043508     
   1155.2310490731440     
   1156.1381717423415     
   1157.0439824924551     
   1157.9484823072071     
   1158.8516721734914     
   1159.7535530813373     
   1160.6541260238730     
   1161.5533919972881     
   1162.4513520007993     
   1163.3480070366122     
   1164.2433581098874     
   1165.1374062287032     
   1166.0301524040215     
   1166.9215976496521     
   1167.8117429822171     
   1168.7005894211168     
   1169.5881379884945     
   1170.4743897092026     
   1171.3593456107676     
   1172.2430067233572     
   1173.1253740797449     
   1174.0064487152781     
   1174.8862316678430     
   1175.7647239778328     
   1176.6419266881130     
   1177.5178408439901     
   1178.3924674931784     
   1179.2658076857665     
   1180.1378624741862     
   1181.0086329131811     
   1181.8781200597723     
   1182.7463249732284     
   1183.6132487150342     
   1184.4788923488582     
   1185.3432569405220     
   1186.2063435579689     
   1187.0681532712338     
   1187.9286871524118     
   1188.7879462756296     
   1189.6464536647495     
   1190.5042401242915     
   1191.3608150262951     
   1192.2161790094815     
   1193.0703327167828     
   1193.9232767953040     
   1194.7750118962838     
   1195.6255386750590     
   1196.4748577910250     
   1197.3229699075996     
   1198.1698756921860     
   1199.0155758161354     
   1199.8600709547093     
   1200.7033617870445     
   1201.5454489961164     
   1202.3863332687010     
   1203.2260152953406     
   1204.0644957703075     
   1204.9017753915675     
   1205.7378548607453     
   1206.5727348830887     
   1207.4064161674332     
   1208.2388994261671     
   1209.0701853751966     
   1209.9002747339114     
   1210.7291682251491     
   1211.5568665751632     
   1212.3833705135860     
   1213.2086807733963     
   1214.0327980908851     
   1214.8557232056228     
   1215.6774568604244     
   1216.4979998013171     
   1217.3173527775066     
   1218.1355165413449     
   1218.9524918482964     
   1219.7682794569062     
   1220.5828801287671     
   1221.3962946284878     
   1222.2085237236613     
   1223.0195681848311     
   1223.8294287854608     
   1224.6381063019021     
   1225.4456015133635     
   1226.2519152018797     
   1227.0570481522789     
   1227.8610011521534     
   1228.6637749918286     
   1229.4653704643313     
   1230.2657883653601     
   1231.0650294932550     
   1231.8630946489682     
   1232.6599846360325     
   1233.4557002605325     
   1234.2502423310746     
   1235.0436116587582     
   1235.8358090571458     
   1236.6268353422340     
   1237.4166913324250     
   1238.2053778484974     
   1238.9928957135771     
   1239.7792457531100     
   1240.5644287948321     
   1241.3484456687440     
   1242.1312972070798     
   1242.9129842442810     
   1243.6935076169689     
   1244.4728681639162     
   1245.2510667260203     
   1246.0281041462763     
   1246.8039812697493     
   1247.5786989435483     
   1248.3522580167983     
   1249.1246593406147     
   1249.8959037680772     
   1250.6659921542021     
   1251.4349253559178     
   1252.2027042320376     
   1252.9693296432342     
   1253.7348024520152     
   1254.4991235226960     
   1255.2622937213748     
   1256.0243139159081     
   1256.7851849758854     
   1257.5449077726043     
   1258.3034831790453     
   1259.0609120698480     
   1259.8171953212855     
   1260.5723338112414     
   1261.3263284191848     
   1262.0791800261468     
   1262.8308895146963     
   1263.5814577689166     
   1264.3308856743811     
   1265.0791741181306     
   1265.8263239886492     
   1266.5723361758428     
   1267.3172115710145     
   1268.0609510668423     
   1268.8035555573572     
   1269.5450259379184     
   1270.2853631051930     
   1271.0245679571337     
   1271.7626413929549     
   1272.4995843131132     
   1273.2353976192828     
   1273.9700822143361     
   1274.7036390023204     
   1275.4360688884376     
   1276.1673727790228     
   1276.8975515815221     
   1277.6266062044726     
   1278.3545375574813     
   1279.0813465512033     
   1279.8070340973225     
   1280.5316011085301     
   1281.2550484985059     
   1281.9773771818961     
   1282.6985880742941     
   1283.4186820922205     
   1284.1376601531028     
   1284.8555231752557     
   1285.5722720778633     
   1286.2879077809566     
   1287.0024312053959     
   1287.7158432728522     
   1288.4281449057869     
   1289.1393370274334     
   1289.8494205617774     
   1290.5583964335399     
   1291.2662655681577     
   1291.9730288917644     
   1292.6786873311726     
   1293.3832418138561     
   1294.0866932679312     
   1294.7890426221388     
   1295.4902908058270     
   1296.1904387489328     
   1296.8894873819652     
   1297.5874376359870     
   1298.2842904425979     
   1298.9800467339173     
   1299.6747074425671     
   1300.3682735016532     
   1301.0607458447516     
   1301.7521254058904     
   1302.4424131195317     
   1303.1316099205558     
   1303.8197167442461     
   1304.5067345262714     
   1305.1926642026715     
   1305.8775067098381     
   1306.5612629845016     
   1307.2439339637131     
   1307.9255205848299     
   1308.6060237855002     
   1309.2854445036473     
   1309.9637836774534     
   1310.6410422453448     
   1311.3172211459776     
   1311.9923213182208     
   1312.6663437011423     
   1313.3392892339946     
   1314.0111588561988     
   1314.6819535073305     
   1315.3516741271064     
   1316.0203216553680     
   1316.6878970320681     
   1317.3544011972569     
   1318.0198350910673     
   1318.6841996537012     
   1319.3474958254155     
   1320.0097245465090     
   1320.6708867573063     
   1321.3309833981461     
   1321.9900154093682     
   1322.6479837313000     
   1323.3048893042408     
   1323.9607330684512     
   1324.6155159641376     
   1325.2692389314414     
   1325.9219029104252     
   1326.5735088410606     
   1327.2240576632141     
   1327.8735503166349     
   1328.5219877409440     
   1329.1693708756204     
   1329.8157006599877     
   1330.4609780332025     
   1331.1052039342444     
   1331.7483793019007     
   1332.3905050747567     
   1333.0315821911818     
   1333.6716115893203     
   1334.3105942070783     
   1334.9485309821114     
   1335.5854228518137     
   1336.2212707533076     
   1336.8560756234299     
   1337.4898383987236     
   1338.1225600154237     
   1338.7542414094485     
   1339.3848835163876     
   1340.0144872714898     
   1340.6430536096552     
   1341.2705834654221     
   1341.8970777729569     
   1342.5225374660431     
   1343.1469634780724     
   1343.7703567420319     
   1344.3927181904965     
   1345.0140487556168     
   1345.6343493691093     
   1346.2536209622458     
   1346.8718644658447     
   1347.4890808102605     
   1348.1052709253738     
   1348.7204357405822     
   1349.3345761847893     
   1349.9476931863960     
   1350.5597876732913     
   1351.1708605728422     
   1351.7809128118852     
   1352.3899453167148     
   1352.9979590130765     
   1353.6049548261572     
   1354.2109336805763     
   1354.8158965003765     
   1355.4198442090144     
   1356.0227777293526     
   1356.6246979836490     
   1357.2256058935507     
   1357.8255023800839     
   1358.4243883636459     
   1359.0222647639960     
   1359.6191325002480     
   1360.2149924908611     
   1360.8098456536313     
   1361.4036929056851     
   1361.9965351634694     
   1362.5883733427440     
   1363.1792083585742     
   1363.7690411253222     
   1364.3578725566404     
   1364.9457035654618     
   1365.5325350639941     
   1366.1183679637113     
   1366.7032031753454     
   1367.2870416088804     
   1367.8698841735436     
   1368.4517317777984     
   1369.0325853293377     
   1369.6124457350766     
   1370.1913139011435     
   1370.7691907328763     
   1371.3460771348120     
   1371.9219740106819     
   1372.4968822634034     
   1373.0708027950745     
   1373.6437365069644     
   1374.2156842995100     
   1374.7866470723075     
   1375.3566257241055     
   1375.9256211527993     
   1376.4936342554251     
   1377.0606659281507     
   1377.6267170662713     
   1378.1917885642040     
   1378.7558813154799     
   1379.3189962127390     
   1379.8811341477224     
   1380.4422960112670     
   1381.0024826933006     
   1381.5616950828346     
   1382.1199340679584     
   1382.6772005358343     
   1383.2334953726904     
   1383.7888194638156     
   1384.3431736935536     
   1384.8965589452987     
   1385.4489761014886     
   1386.0004260435983     
   1386.5509096521359     
   1387.1004278066375     
   1387.6489813856608     
   1388.1965712667802     
   1388.7431983265817     
   1389.2888634406559     
   1389.8335674835964     
   1390.3773113289922     
   1390.9200958494230     
   1391.4619219164545     
   1392.0027904006333     
   1392.5427021714818     
   1393.0816580974927     
   1393.6196590461257     
   1394.1567058838016     
   1394.6927994758985     
   1395.2279406867465     
   1395.7621303796229     
   1396.2953694167475     
   1396.8276586592781     
   1397.3589989673085     
   1397.8893911998596     
   1398.4188362148777     
   1398.9473348692313     
   1399.4748880187042     
   1400.0014965179923     
   1400.5271612207007     
   1401.0518829793359     
   1401.5756626453049     
   1402.0985010689108     
   1402.6203990993483     
   1403.1413575846998     
   1403.6613773719309     
   1404.1804593068869     
   1404.6986042342885     
   1405.2158129977283     
   1405.7320864396681     
   1406.2474254014332     
   1406.7618307232106     
   1407.2753032440439     
   1407.7878438018299     
   1408.2994532333157     
   1408.8101323740948     
   1409.3198820586035     
   1409.8287031201187     
   1410.3365963907511     
   1410.8435627014455     
   1411.3496028819752     
   1411.8547177609400     
   1412.3589081657635     
   1412.8621749226872     
   1413.3645188567698     
   1413.8659407918822     
   1414.3664415507067     
   1414.8660219547317     
   1415.3646828242504     
   1415.8624249783554     
   1416.3592492349387     
   1416.8551564106870     
   1417.3501473210788     
   1417.8442227803826     
   1418.3373836016524     
   1418.8296305967272     
   1419.3209645762254     
   1419.8113863495448     
   1420.3008967248584     
   1420.7894965091127     
   1421.2771865080233     
   1421.7639675260734     
   1422.2498403665124     
   1422.7348058313521     
   1423.2188647213634     
   1423.7020178360758     
   1424.1842659737745     
   1424.6656099314960     
   1425.1460505050277     
   1425.6255884889051     
   1426.1042246764107     
   1426.5819598595692     
   1427.0587948291479     
   1427.5347303746519     
   1428.0097672843226     
   1428.4839063451382     
   1428.9571483428083     
   1429.4294940617731     
   1429.9009442852025     
   1430.3714997949921     
   1430.8411613717617     
   1431.3099297948534     
   1431.7778058423305     
   1432.2447902909748     
   1432.7108839162838     
   1433.1760874924707     
   1433.6404017924622     
   1434.1038275878966     
   1434.5663656491206     
   1435.0280167451890     
   1435.4887816438629     
   1435.9486611116081     
   1436.4076559135917     
   1436.8657668136830     
   1437.3229945744495     
   1437.7793399571569     
   1438.2348037217682     
   1438.6893866269393     
   1439.1430894300208     
   1439.5959128870541     
   1440.0478577527697     
   1440.4989247805893     
   1440.9491147226202     
   1441.3984283296556     
   1441.8468663511740     
   1442.2944295353368     
   1442.7411186289869     
   1443.1869343776486     
   1443.6318775255240     
   1444.0759488154943     
   1444.5191489891167     
   1444.9614787866255     
   1445.4029389469272     
   1445.8435302076025     
   1446.2832533049045     
   1446.7221089737570     
   1447.1600979477541     
   1447.5972209591589     
   1448.0334787389008     
   1448.4688720165766     
   1448.9034015204477     
   1449.3370679774416     
   1449.7698721131496     
   1450.2018146518244     
   1450.6328963163821     
   1451.0631178283988     
   1451.4924799081109     
   1451.9209832744132     
   1452.3486286448590     
   1452.7754167356588     
   1453.2013482616808     
   1453.6264239364473     
   1454.0506444721373     
   1454.4740105795831     
   1454.8965229682703     
   1455.3181823463376     
   1455.7389894205762     
   1456.1589448964282     
   1456.5780494779865     
   1456.9963038679944     
   1457.4137087678444     
   1457.8302648775787     
   1458.2459728958868     
   1458.6608335201054     
   1459.0748474462184     
   1459.4880153688578     
   1459.9003379812996     
   1460.3118159754670     
   1460.7224500419272     
   1461.1322408698920     
   1461.5411891472186     
   1461.9492955604062     
   1462.3565607945982     
   1462.7629855335799     
   1463.1685704597801     
   1463.5733162542688     
   1463.9772235967571     
   1464.3802931655989     
   1464.7825256377880     
   1465.1839216889591     
   1465.5844819933870     
   1465.9842072239867     
   1466.3830980523130     
   1466.7811551485609     
   1467.1783791815624     
   1467.5747708187907     
   1467.9703307263574     
   1468.3650595690119     
   1468.7589580101421     
   1469.1520267117753     
   1469.5442663345750     
   1469.9356775378433     
   1470.3262609795206     
   1470.7160173161847     
   1471.1049472030506     
   1471.4930512939711     
   1471.8803302414353     
   1472.2667846965703     
   1472.6524153091409     
   1473.0372227275484     
   1473.4212075988305     
   1473.8043705686634     
   1474.1867122813594     
   1474.5682333798679     
   1474.9489345057757     
   1475.3288162993056     
   1475.7078793993189     
   1476.0861244433133     
   1476.4635520674246     
   1476.8401629064251     
   1477.2159575937251     
   1477.5909367613710     
   1477.9651010400482     
   1478.3384510590797     
   1478.7109874464254     
   1479.0827108286828     
   1479.4536218310891     
   1479.8237210775185     
   1480.1930091904844     
   1480.5614867911383     
   1480.9291544992700     
   1481.2960129333092     
   1481.6620627103239     
   1482.0273044460218     
   1482.3917387547501     
   1482.7553662494959     
   1483.1181875418865     
   1483.4802032421901     
   1483.8414139593144     
   1484.2018203008088     
   1484.5614228728627     
   1484.9202222803085     
   1485.2782191266194     
   1485.6354140139110     
   1485.9918075429418     
   1486.3474003131123     
   1486.7021929224663     
   1487.0561859676905     
   1487.4093800441151     
   1487.7617757457153     
   1488.1133736651107     
   1488.4641743935654     
   1488.8141785209898     
   1489.1633866359384     
   1489.5117993256122     
   1489.8594171758589     
   1490.2062407711724     
   1490.5522706946952     
   1490.8975075282167     
   1491.2419518521738     
   1491.5856042456523     
   1491.9284652863876     
   1492.2705355507642     
   1492.6118156138175     
   1492.9523060492320     
   1493.2920074293434     
   1493.6309203251396     
   1493.9690453062601     
   1494.3063829409971     
   1494.6429337962952     
   1494.9786984377527     
   1495.3136774296220     
   1495.6478713348088     
   1495.9812807148755     
   1496.3139061300387     
   1496.6457481391724     
   1496.9768072998063     
   1497.3070841681283     
   1497.6365792989834     
   1497.9652932458748     
   1498.2932265609654     
   1498.6203797950770     
   1498.9467534976918     
   1499.2723482169533     
   1499.5971644996653     
   1499.9212028912934     
   1500.2444639359669     
   1500.5669481764767     
   1500.8886561542793     
   1501.2095884094940     
   1501.5297454809061     
   1501.8491279059663     
   1502.1677362207913     
   1502.4855709601657     
   1502.8026326575407     
   1503.1189218450359     
   1503.4344390534400     
   1503.7491848122118     
   1504.0631596494791     
   1504.3763640920415     
   1504.6887986653705     
   1505.0004638936100     
   1505.3113602995766     
   1505.6214884047595     
   1505.9308487293240     
   1506.2394417921098     
   1506.5472681106321     
   1506.8543282010828     
   1507.1606225783312     
   1507.4661517559239     
   1507.7709162460867     
   1508.0749165597242     
   1508.3781532064220     
   1508.6806266944457     
   1508.9823375307428     
   1509.2832862209441     
   1509.5834732693618     
   1509.8828991789931     
   1510.1815644515186     
   1510.4794695873045     
   1510.7766150854029     
   1511.0730014435537     
   1511.3686291581837     
   1511.6634987244079     
   1511.9576106360305     
   1512.2509653855457     
   1512.5435634641385     
   1512.8354053616854     
   1513.1264915667546     
   1513.4168225666074     
   1513.7063988471994     
   1513.9952208931800     
   1514.2832891878945     
   1514.5706042133843     
   1514.8571664503870     
   1515.1429763783392     
   1515.4280344753749     
   1515.7123412183278     
   1515.9958970827322     
   1516.2787025428229     
   1516.5607580715371     
   1516.8420641405139     
   1517.1226212200961     
   1517.4024297793305     
   1517.6814902859692     
   1517.9598032064698     
   1518.2373690059972     
   1518.5141881484226     
   1518.7902610963265     
   1519.0655883109985     
   1519.3401702524377     
   1519.6140073793540     
   1519.8871001491696     
   1520.1594490180196     
   1520.4310544407513     
   1520.7019168709262     
   1520.9720367608211     
   1521.2414145614282     
   1521.5100507224577     
   1521.7779456923363     
   1522.0450999182094     
   1522.3115138459409     
   1522.5771879201161     
   1522.8421225840405     
   1523.1063182797416     
   1523.3697754479690     
   1523.6324945281970     
   1523.8944759586234     
   1524.1557201761709     
   1524.4162276164884     
   1524.6759987139524     
   1524.9350339016671     
   1525.1933336114646     
   1525.4508982739067     
   1525.7077283182857     
   1525.9638241726250     
   1526.2191862636798     
   1526.4738150169392     
   1526.7277108566259     
   1526.9808742056962     
   1527.2333054858429     
   1527.4850051174953     
   1527.7359735198195     
   1527.9862111107191     
   1528.2357183068375     
   1528.4844955235583     
   1528.7325431750057     
   1528.9798616740459     
   1529.2264514322867     
   1529.4723128600799     
   1529.7174463665215     
   1529.9618523594515     
   1530.2055312454565     
   1530.4484834298698     
   1530.6907093167733     
   1530.9322093089972     
   1531.1729838081205     
   1531.4130332144732     
   1531.6523579271357     
   1531.8909583439413     
   1532.1288348614760     
   1532.3659878750798     
   1532.6024177788470     
   1532.8381249656277     
   1533.0731098270276     
   1533.3073727534106     
   1533.5409141338994     
   1533.7737343563740     
   1534.0058338074755     
   1534.2372128726058     
   1534.4678719359276     
   1534.6978113803671     
   1534.9270315876131     
   1535.1555329381194     
   1535.3833158111051     
   1535.6103805845542     
   1535.8367276352180     
   1536.0623573386167     
   1536.2872700690370     
   1536.5114661995365     
   1536.7349461019428     
   1536.9577101468549     
   1537.1797587036426     
   1537.4010921404499     
   1537.6217108241940     
   1537.8416151205677     
   1538.0608053940384     
   1538.2792820078510     
   1538.4970453240257     
   1538.7140957033623     
   1538.9304335054389     
   1539.1460590886136     
   1539.3609728100257     
   1539.5751750255949     
   1539.7886660900238     
   1540.0014463567977     
   1540.2135161781869     
   1540.4248759052462     
   1540.6355258878166     
   1540.8454664745254     
   1541.0546980127872     
   1541.2632208488051     
   1541.4710353275718     
   1541.6781417928694     
   1541.8845405872705     
   1542.0902320521400     
   1542.2952165276347     
   1542.4994943527063     
   1542.7030658650992     
   1542.9059314013537     
   1543.1080912968052     
   1543.3095458855869     
   1543.5102955006287     
   1543.7103404736599     
   1543.9096811352088     
   1544.1083178146027     
   1544.3062508399707     
   1544.5034805382434     
   1544.7000072351536     
   1544.8958312552388     
   1545.0909529218393     
   1545.2853725571013     
   1545.4790904819754     
   1545.6721070162205     
   1545.8644224784018     
   1546.0560371858940     
   1546.2469514548798     
   1546.4371656003523     
   1546.6266799361156     
   1546.8154947747842     
   1547.0036104277863     
   1547.1910272053628     
   1547.3777454165684     
   1547.5637653692729     
   1547.7490873701613     
   1547.9337117247358     
   1548.1176387373150     
   1548.3008687110348     
   1548.4834019478510     
   1548.6652387485387     
   1548.8463794126942     
   1549.0268242387333     
   1549.2065735238943     
   1549.3856275642381     
   1549.5639866546489     
   1549.7416510888361     
   1549.9186211593340     
   1550.0948971575015     
   1550.2704793735247     
   1550.4453680964182     
   1550.6195636140230     
   1550.7930662130102     
   1550.9658761788803     
   1551.1379937959637     
   1551.3094193474226     
   1551.4801531152511     
   1551.6501953802760     
   1551.8195464221574     
   1551.9882065193906     
   1552.1561759493047     
   1552.3234549880647     
   1552.4900439106725     
   1552.6559429909678     
   1552.8211525016270     
   1552.9856727141664     
   1553.1495038989412     
   1553.3126463251469     
   1553.4751002608195     
   1553.6368659728378     
   1553.7979437269216     
   1553.9583337876356     
   1554.1180364183870     
   1554.2770518814286     
   1554.4353804378577     
   1554.5930223476182     
   1554.7499778695003     
   1554.9062472611413     
   1555.0618307790278     
   1555.2167286784945     
   1555.3709412137255     
   1555.5244686377562     
   1555.6773112024725     
   1555.8294691586132     
   1555.9809427557677     
   1556.1317322423795     
   1556.2818378657457     
   1556.4312598720178     
   1556.5799985062029     
   1556.7280540121635     
   1556.8754266326198     
   1557.0221166091480     
   1557.1681241821830     
   1557.3134495910178     
   1557.4580930738052     
   1557.6020548675576     
   1557.7453352081484     
   1557.8879343303122     
   1558.0298524676457     
   1558.1710898526078     
   1558.3116467165216     
   1558.4515232895733     
   1558.5907198008138     
   1558.7292364781592     
   1558.8670735483922     
   1559.0042312371620     
   1559.1407097689846     
   1559.2765093672442     
   1559.4116302541936     
   1559.5460726509541     
   1559.6798367775173     
   1559.8129228527457     
   1559.9453310943722     
   1560.0770617190010     
   1560.2081149421092     
   1560.3384909780464     
   1560.4681900400360     
   1560.5972123401757     
   1560.7255580894382     
   1560.8532274976712     
   1560.9802207735984     
   1561.1065381248200     
   1561.2321797578136     
   1561.3571458779345     
   1561.4814366894159     
   1561.6050523953713     
   1561.7279931977928     
   1561.8502592975526     
   1561.9718508944038     
   1562.0927681869814     
   1562.2130113728022     
   1562.3325806482651     
   1562.4514762086521     
   1562.5696982481290     
   1562.6872469597458     
   1562.8041225354373     
   1562.9203251660233     
   1563.0358550412109     
   1563.1507123495926     
   1563.2648972786476     
   1563.3784100147425     
   1563.4912507431336     
   1563.6034196479638     
   1563.7149169122672     
   1563.8257427179662     
   1563.9358972458742     
   1564.0453806756955     
   1564.1541931860256     
   1564.2623349543524     
   1564.3698061570556     
   1564.4766069694074     
   1564.5827375655740     
   1564.6881981186157     
   1564.7929888004876     
   1564.8971097820402     
   1565.0005612330183     
   1565.1033433220632     
   1565.2054562167132     
   1565.3069000834032     
   1565.4076750874656     
   1565.5077813931316     
   1565.6072191635301     
   1565.7059885606893     
   1565.8040897455369     
   1565.9015228779008     
   1565.9982881165092     
   1566.0943856189904     
   1566.1898155418751     
   1566.2845780405955     
   1566.3786732694857     
   1566.4721013817837     
   1566.5648625296296     
   1566.6569568640689     
   1566.7483845350500     
   1566.8391456914262     
   1566.9292404809564     
   1567.0186690503042     
   1567.1074315450392     
   1567.1955281096386     
   1567.2829588874861     
   1567.3697240208710     
   1567.4558236509920     
   1567.5412579179558     
   1567.6260269607776     
   1567.7101309173813     
   1567.7935699246007     
   1567.8763441181788     
   1567.9584536327693     
   1568.0398986019368     
   1568.1206791581562     
   1568.2007954328137     
   1568.2802475562094     
   1568.3590356575528     
   1568.4371598649684     
   1568.5146203054924     
   1568.5914171050747     
   1568.6675503885795     
   1568.7430202797852     
   1568.8178269013840     
   1568.8919703749839     
   1568.9654508211083     
   1569.0382683591952     
   1569.1104231075990     
   1569.1819151835907     
   1569.2527447033590     
   1569.3229117820088     
   1569.3924165335632     
   1569.4612590709628     
   1569.5294395060657     
   1569.5969579496489     
   1569.6638145114086     
   1569.7300092999599     
   1569.7955424228369     
   1569.8604139864958     
   1569.9246240963116     
   1569.9881728565795     
   1570.0510603705156     
   1570.1132867402575     
   1570.1748520668646     
   1570.2357564503170     
   1570.2959999895177     
   1570.3555827822925     
   1570.4145049253889     
   1570.4727665144781     
   1570.5303676441545     
   1570.5873084079360     
   1570.6435888982644     
   1570.6992092065052     
   1570.7541694229490     
   1570.8084696368112     
   1570.8621099362317     
   1570.9150904082758     
   1570.9674111389352     
   1571.0190722131265     
   1571.0700737146919     
   1571.1204157264010     
   1571.1700983299495     
   1571.2191216059603     
   1571.2674856339838     
   1571.3151904924964     
   1571.3622362589031     
   1571.4086230095368     
   1571.4543508196580     
   1571.4994197634558     
   1571.5438299140480     
   1571.5875813434814     
   1571.6306741227304     
   1571.6731083216996     
   1571.7148840092232     
   1571.7560012530641     
   1571.7964601199158     
   1571.8362606754015     
   1571.8754029840750     
   1571.9138871094203     
   1571.9517131138523     
   1571.9888810587170     
   1572.0253910042909     
   1572.0612430097826     
   1572.0964371333318     
   1572.1309734320087     
   1572.1648519618159     
   1572.1980727776886     
   1572.2306359334934     
   1572.2625414820297     
   1572.2937894750291     
   1572.3243799631555     
   1572.3543129960062     
   1572.3835886221107     
   1572.4122068889326     
   1572.4401678428678     
   1572.4674715292460     
   1572.4941179923298     
   1572.5201072753168     
   1572.5454394203364     
   1572.5701144684531     
   1572.5941324596661     
   1572.6174934329078     
   1572.6401974260455     
   1572.6622444758805     
   1572.6836346181497     
   1572.7043678875232     
   1572.7244443176064     
   1572.7438639409397     
   1572.7626267889975     
   1572.7807328921901     
   1572.7981822798627     
   1572.8149749802963     
   1572.8311110207069     
   1572.8465904272464     
   1572.8614132250013     
   1572.8755794379942     
   1572.8890890891830     
   1572.9019422004617     
   1572.9141387926602     
   1572.9256788855434     
   1572.9365624978134     
   1572.9467896471072     
   1572.9563603499978     
   1572.9652746219949     
   1572.9735324775440     
   1572.9811339300275     
   1572.9880789917636     
   1572.9943676740061     
   1573.0000000000000     
